-82	74	-87	94	56	27	-45	-45	12	-75	-76	0	42	-76	75	14	21	-30	87	-8
-58	62	78	70	57	-93	2	-82	-2	-55	46	68	98	-91	40	73	-87	-45	58	78
45	45	42	93	47	-66	62	-70	84	92	82	-18	51	-55	-5	19	-16	58	-29	56
-95	-24	-72	23	40	67	-8	58	41	-5	54	-11	-22	68	73	90	92	20	89	39
74	-7	59	27	39	-97	-97	75	40	21	13	36	-83	-85	-84	-92	44	-7	83	-88
-33	-59	-91	-33	-23	-55	-77	-50	14	39	91	-39	58	-29	-75	-25	28	-84	-91	35
94	-78	97	24	94	-74	10	81	67	42	-67	-72	-66	-48	71	11	77	0	56	92
56	-36	70	-8	50	53	92	-81	99	45	96	-37	38	60	-37	61	-62	99	23	79
93	47	-87	-56	-60	-43	-7	75	82	-13	-81	-66	38	-23	30	-46	7	-30	-25	89
-8	73	1	-25	-53	-82	-82	23	0	-5	26	-13	-13	-4	-57	-52	26	96	-40	47
66	-83	84	-51	6	-5	62	-51	-54	-50	31	-6	88	55	-73	35	32	-91	-23	2
73	37	89	90	-45	89	-56	-12	3	79	-26	-18	81	93	-92	3	-17	23	-64	-4
-45	-57	59	-72	-84	44	38	70	47	-91	-10	-86	18	-40	-21	98	42	79	7	-80
-33	-93	78	-16	91	-62	55	82	-93	1	72	-31	-52	-8	-55	-89	66	-99	10	-25
64	-66	-56	19	19	80	-32	-16	73	10	25	-20	-57	30	29	81	30	-90	33	-54
68	-7	53	52	-55	-44	-94	-20	-76	29	88	33	-26	30	-45	90	-56	85	60	38
-28	17	90	-42	-35	87	-2	-47	94	-35	78	-33	59	-22	8	-5	0	-36	33	-27
-92	75	91	-97	19	76	33	20	-10	-80	-20	3	98	-35	75	-28	-48	-73	-68	72
17	45	43	-90	-12	4	86	-49	88	-92	39	-18	5	-10	-69	-5	-56	3	-21	10
