-66	-54	72	-46	-25	53	-95	-3	-75	-62	92	-43	-57	0	78	-63	-90	12	-60	-77
65	43	-17	65	25	-77	57	27	71	98	83	53	28	-87	-56	-20	67	-3	-16	-61
-99	19	30	34	-10	-73	1	-18	7	99	-76	71	-72	-78	20	56	66	20	10	34
-54	-37	54	18	-11	56	-81	-97	64	-56	68	-36	25	-26	-56	91	-60	12	-9	17
-41	-78	-54	-19	-38	-76	17	-90	91	-5	82	-31	-92	93	-57	43	-56	14	29	-45
78	22	-94	12	-76	44	-63	-11	-11	-89	-81	53	56	6	27	30	-26	-79	-12	-50
52	15	-44	63	8	40	91	10	-26	-35	-61	21	-55	82	-97	-90	-25	10	-60	2
-33	-48	-46	-64	-41	-61	84	54	0	26	-56	75	-81	-53	-68	-2	-93	-46	29	85
53	-93	-31	51	78	75	69	10	-20	-68	-67	-67	-54	23	76	32	-11	-86	-55	-14
5	93	35	41	-26	41	77	88	43	44	-89	91	66	-11	90	-44	-61	-10	-66	-51
82	83	-44	55	69	80	1	-29	8	-87	-93	-91	-53	44	3	-3	24	13	86	33
92	5	-75	58	-4	-52	-2	-3	78	9	83	59	82	-4	-57	76	25	-49	-44	15
75	64	44	-23	43	56	60	0	46	26	39	53	-85	53	14	81	77	-11	-32	33
75	0	68	-5	-78	-13	90	-51	-15	-40	77	-95	-37	59	-20	30	38	-32	4	-76
-63	-28	58	-62	-42	93	15	79	32	-42	4	-98	85	-85	-31	-38	28	-31	-17	17
-65	-66	-8	26	-7	79	18	33	21	66	41	-22	20	66	-9	-64	-71	-67	-16	68
19	12	55	6	-90	-60	1	26	64	-29	62	96	89	11	-77	-26	76	-62	-48	-36
-76	-21	-93	85	-5	-99	41	-74	47	1	-44	47	16	83	30	-38	33	-53	80	-11
94	20	-76	-25	17	-5	3	-78	92	-33	-13	14	85	-52	-55	5	75	-89	9	-16
