-93	50	-61	52	55	23	-67	65	-49	-45	-91	31	-12	0	10	80	21	79	24	-40
-92	-27	2	-97	77	25	14	-32	23	-45	61	98	98	60	-26	17	-24	-32	81	-68
29	85	-44	57	42	-40	-9	27	-52	88	90	47	-13	-41	78	90	-38	62	19	-89
-45	11	-62	-39	10	16	-58	91	-9	-12	22	-12	66	6	-22	22	92	-93	-15	-10
-55	-76	47	-76	-98	-63	38	-46	59	-64	82	-60	72	28	-55	6	-43	89	48	90
-87	-3	-77	62	-22	-12	-78	-13	-57	1	-9	20	-14	-54	73	45	98	19	-46	29
-36	23	33	24	15	42	2	-71	-78	-60	82	54	88	97	-82	23	-14	-83	-23	3
39	68	6	69	-48	45	99	37	-10	-35	85	-8	51	56	-49	91	35	-47	-63	-15
-88	58	-7	-74	26	-22	-87	24	17	11	10	92	75	40	-26	16	39	45	65	58
71	-5	55	89	33	20 -92	-5	-27	1	56	24	5	-17	-63	-93	-65	20	2	86
7	34	-45	-76	-7	44	-34	34	44	-10	18	-71	40	94	-80	-38	-20	93	75	-85
-69	7	99	1	29	-23	-29	-92	-34	52	4	-23	-91	-92	8	-64	65	49	-16	36
52	-29	2	-46	-34	78	-7	6	-62	5	-18	24	91	-23	97	-75	65	43	1	-55
45	-49	20	-27	78	-50	-31	15	22	52	-92	91	-94	-3	87	35	19	73	-98	31
-22	41	89	-9	-19	17	11	-15	-94	-17	-46	37	26	-91	-27	61	-81	80	14	-79
